   49   63   17   44   84   82    6   70  100   71
   80   88    9   54   40   57   18   60   26   97
   87   48   74   41   14   28   57   72   95   61
    3   96   23   20   39    6    1   44   28   52
   66   59   91   74   12   30   30   29   90   56
   77   28   55    3   20   20   30   76   44   76
   36   46   71   58   65   62   16   17   57   43
   20   23    1   10   96   12   40   78   92   81
   85   20    8   91   22   28   10   51    3   53
   27   91   99   49  100   15   10   15   84   67
